1,1,122.8,332.12,132.68,64.01999999999998,1,1,1.0
1,2,206.31,246.76,96.49000000000001,47.31999999999999,1,1,1.0
1,3,730.54,265.32,75.86000000000001,43.610000000000014,1,1,1.0
2,1,97.6,335.49,138.53,64.01999999999998,1,1,1.0
2,2,206.31,246.76,96.49000000000001,47.31999999999999,1,1,1.0
2,3,719.35,265.88,75.86000000000001,43.610000000000014,1,1,1.0
3,1,71.9,339.41,142.41,64.01999999999998,1,1,1.0
3,2,206.31,246.76,96.49000000000001,47.31999999999999,1,1,1.0
3,3,707.04,267.0,75.87,43.610000000000014,1,1,1.0
4,1,48.41,342.2,142.41,64.02000000000004,1,1,1.0
4,2,206.31,246.76,96.49000000000001,47.31999999999999,1,1,1.0
4,3,692.5,269.8,75.86000000000001,43.599999999999966,1,1,1.0
5,1,20.8,345.45,151.35,67.25,1,1,1.0
5,2,206.31,246.76,96.49000000000001,47.31999999999999,1,1,1.0
5,3,679.88,273.56,75.86000000000001,42.839999999999975,1,1,1.0
6,1,0.0,351.43,148.6,67.25,1,1,1.0
6,2,206.31,246.76,96.49000000000001,47.31999999999999,1,1,1.0
6,3,663.3,274.5,80.90000000000009,42.839999999999975,1,1,1.0
7,1,0.0,351.43,127.6,68.76999999999998,1,1,1.0
7,2,206.31,246.76,96.49000000000001,47.31999999999999,1,1,1.0
7,3,650.11,277.6,80.89999999999998,42.839999999999975,1,1,1.0
8,1,0.0,359.19,105.9,68.76999999999998,1,1,1.0
8,2,206.31,246.76,96.49000000000001,47.31999999999999,1,1,1.0
8,3,636.14,279.15,80.89999999999998,42.84000000000003,1,1,1.0
9,1,0.0,359.19,78.8,68.76999999999998,1,1,1.0
9,2,206.31,246.76,96.49000000000001,47.31999999999999,1,1,1.0
9,3,622.18,282.26,80.90000000000009,42.829999999999984,1,1,1.0
10,1,0.0,359.19,57.1,68.76999999999998,1,1,1.0
10,2,206.31,246.76,96.49000000000001,47.31999999999999,1,1,1.0
10,3,603.6,283.81,85.50999999999999,42.839999999999975,1,1,1.0
11,1,0.0,359.19,28.4,68.76999999999998,1,1,1.0
11,2,206.31,246.76,96.49000000000001,47.31999999999999,1,1,1.0
11,3,591.18,286.13,85.5100000000001,42.84000000000003,1,1,1.0
12,2,206.31,246.76,96.49000000000001,47.31999999999999,1,1,1.0
12,3,576.44,288.46,85.50999999999999,42.84000000000003,1,1,1.0
13,2,206.31,246.76,96.49000000000001,47.31999999999999,1,1,1.0
13,3,560.15,288.46,85.50999999999999,42.84000000000003,1,1,1.0
14,2,206.31,246.76,96.49000000000001,47.31999999999999,1,1,1.0
14,3,546.18,290.79,85.5100000000001,42.839999999999975,1,1,1.0
15,2,206.31,246.76,96.49000000000001,47.31999999999999,1,1,1.0
15,3,526.0,294.67,91.72000000000003,42.839999999999975,1,1,1.0
16,2,206.31,246.76,96.49000000000001,47.31999999999999,1,1,1.0
16,3,512.03,297.77,91.73000000000002,42.84000000000003,1,1,1.0
17,2,206.31,246.76,96.49000000000001,47.31999999999999,1,1,1.0
17,3,491.9,300.1,94.77999999999997,42.839999999999975,1,1,1.0
18,2,206.31,246.76,96.49000000000001,47.31999999999999,1,1,1.0
18,3,474.83,303.21,94.78000000000003,42.84000000000003,1,1,1.0
19,2,206.31,246.76,96.49000000000001,47.31999999999999,1,1,1.0
19,3,460.09,305.53,94.78000000000003,42.84000000000003,1,1,1.0
20,2,206.31,246.76,96.49000000000001,47.31999999999999,1,1,1.0
20,3,442.24,308.64,94.77999999999997,42.84000000000003,1,1,1.0
21,2,206.31,246.76,96.49000000000001,47.31999999999999,1,1,1.0
21,3,423.6,305.5,101.00999999999999,49.079999999999984,1,1,1.0
22,2,206.31,246.76,96.49000000000001,47.31999999999999,1,1,1.0
22,3,404.98,311.71,101.00999999999999,49.08000000000004,1,1,1.0
23,2,206.31,246.76,96.49000000000001,47.31999999999999,1,1,1.0
23,3,387.13,313.3,106.47000000000003,52.139999999999986,1,1,1.0
24,2,206.31,246.76,96.49000000000001,47.31999999999999,1,1,1.0
24,3,366.96,320.28,106.47000000000003,52.150000000000034,1,1,1.0
25,2,206.31,246.76,96.49000000000001,47.31999999999999,1,1,1.0
25,3,350.66,321.06,106.46999999999997,52.139999999999986,1,1,1.0
26,2,206.31,246.76,96.49000000000001,47.31999999999999,1,1,1.0
26,3,327.38,324.2,113.42000000000002,56.75999999999999,1,1,1.0
27,2,206.31,246.76,96.49000000000001,47.31999999999999,1,1,1.0
27,3,306.4,326.5,119.70000000000005,58.30000000000001,1,1,1.0
28,2,206.31,246.76,96.49000000000001,47.31999999999999,1,1,1.0
28,3,286.23,331.93,119.69999999999999,58.30000000000001,1,1,1.0
29,2,206.31,246.76,96.49000000000001,47.31999999999999,1,1,1.0
29,3,266.05,335.81,119.69999999999999,58.30000000000001,1,1,1.0
30,2,206.31,246.76,96.49000000000001,47.31999999999999,1,1,1.0
30,3,247.43,340.47,119.69999999999999,58.299999999999955,1,1,1.0
31,2,206.31,246.76,96.49000000000001,47.31999999999999,1,1,1.0
31,3,221.8,342.02,125.93,58.30000000000001,1,1,1.0
32,2,206.31,246.76,96.49000000000001,47.31999999999999,1,1,1.0
32,3,198.5,342.02,136.0,68.38,1,1,1.0
33,2,206.31,246.76,96.49000000000001,47.31999999999999,1,1,1.0
33,3,170.57,346.67,136.0,68.38999999999999,1,1,1.0
34,2,206.31,246.76,96.49000000000001,47.31999999999999,1,1,1.0
34,3,150.39,349.78,136.0,68.38000000000005,1,1,1.0
35,2,206.31,246.76,96.49000000000001,47.31999999999999,1,1,1.0
35,3,128.67,355.21,136.00000000000003,68.38,1,1,1.0
36,2,206.31,246.76,96.49000000000001,47.31999999999999,1,1,1.0
36,3,100.73,359.09,143.76999999999998,68.38000000000005,1,1,1.0
37,2,206.31,246.76,96.49000000000001,47.31999999999999,1,1,1.0
37,3,73.57,362.19,151.53,76.91000000000003,1,1,1.0
38,2,206.31,246.76,96.49000000000001,47.31999999999999,1,1,1.0
38,3,47.97,365.3,151.52,76.89999999999998,1,1,1.0
39,2,206.31,246.76,96.49000000000001,47.31999999999999,1,1,1.0
39,3,16.9,370.73,156.21,76.90999999999997,1,1,1.0
40,2,206.31,246.76,96.49000000000001,47.31999999999999,1,1,1.0
40,3,0.0,379.26,156.04,76.91000000000003,1,1,1.0
41,2,206.31,246.76,96.49000000000001,47.31999999999999,1,1,1.0
41,3,0.0,379.26,127.3,76.91000000000003,1,1,1.0
42,2,206.31,246.76,96.49000000000001,47.31999999999999,1,1,1.0
42,3,0.78,385.47,101.72,76.90999999999997,1,1,1.0
43,2,206.31,246.76,96.49000000000001,47.31999999999999,1,1,1.0
43,3,0.78,385.47,76.92,76.90999999999997,1,1,1.0
44,2,206.31,246.76,96.49000000000001,47.31999999999999,1,1,1.0
44,3,1.6,390.13,52.79,76.89999999999998,1,1,1.0
45,2,206.31,246.76,96.49000000000001,47.31999999999999,1,1,1.0
45,3,1.6,407.2,22.5,52.900000000000034,1,1,1.0
46,2,206.31,246.76,96.49000000000001,47.31999999999999,1,1,1.0
47,2,206.31,246.76,96.49000000000001,47.31999999999999,1,1,1.0
48,2,206.31,246.76,96.49000000000001,47.31999999999999,1,1,1.0
49,2,206.31,246.76,96.49000000000001,47.31999999999999,1,1,1.0
50,2,206.31,246.76,96.49000000000001,47.31999999999999,1,1,1.0
51,2,206.31,246.76,96.49000000000001,47.31999999999999,1,1,1.0
51,4,947.8,231.9,12.200000000000045,51.18999999999997,1,1,1.0
52,2,206.31,246.76,96.49000000000001,47.31999999999999,1,1,1.0
52,4,944.14,225.2,15.860000000000014,57.889999999999986,1,1,1.0
53,2,206.31,246.76,96.49000000000001,47.31999999999999,1,1,1.0
53,4,939.8,225.2,20.200000000000045,57.889999999999986,1,1,1.0
54,2,206.31,246.76,96.49000000000001,47.31999999999999,1,1,1.0
54,4,935.5,225.2,24.5,57.889999999999986,1,1,1.0
55,2,206.31,246.76,96.49000000000001,47.31999999999999,1,1,1.0
55,4,935.5,225.2,24.5,63.19999999999999,1,1,1.0
56,2,206.31,246.76,96.49000000000001,47.31999999999999,1,1,1.0
56,4,927.2,225.2,32.799999999999955,63.19999999999999,1,1,1.0
57,2,206.31,246.76,96.49000000000001,47.31999999999999,1,1,1.0
57,4,921.9,225.2,38.10000000000002,63.19999999999999,1,1,1.0
58,2,206.31,246.76,96.49000000000001,47.31999999999999,1,1,1.0
58,4,917.9,225.2,42.10000000000002,63.19999999999999,1,1,1.0
59,2,206.31,246.76,96.49000000000001,47.31999999999999,1,1,1.0
59,4,914.2,225.2,45.799999999999955,63.19999999999999,1,1,1.0
60,2,206.31,246.76,96.49000000000001,47.31999999999999,1,1,1.0
60,4,907.9,225.2,52.10000000000002,72.80000000000001,1,1,1.0
61,2,206.31,246.76,96.49000000000001,47.31999999999999,1,1,1.0
61,4,903.9,225.2,56.10000000000002,72.80000000000001,1,1,1.0
62,2,206.31,246.76,96.49000000000001,47.31999999999999,1,1,1.0
62,4,898.2,225.2,61.799999999999955,72.80000000000001,1,1,1.0
63,2,206.31,246.76,96.49000000000001,47.31999999999999,1,1,1.0
63,4,891.2,225.2,68.79999999999995,72.80000000000001,1,1,1.0
64,2,206.31,246.76,96.49000000000001,47.31999999999999,1,1,1.0
64,4,886.2,225.2,73.79999999999995,72.80000000000001,1,1,1.0
65,2,206.31,246.76,96.49000000000001,47.31999999999999,1,1,1.0
65,4,880.5,225.2,79.5,72.80000000000001,1,1,1.0
66,2,206.31,246.76,96.49000000000001,47.31999999999999,1,1,1.0
66,4,876.5,225.2,83.5,72.80000000000001,1,1,1.0
67,2,206.31,246.76,96.49000000000001,47.31999999999999,1,1,1.0
67,4,865.23,225.2,94.76999999999998,80.80000000000001,1,1,1.0
68,2,206.31,246.76,96.49000000000001,47.31999999999999,1,1,1.0
68,4,860.6,228.9,99.39999999999998,77.1,1,1,1.0
69,2,206.31,246.76,96.49000000000001,47.31999999999999,1,1,1.0
69,4,855.3,228.9,104.70000000000005,77.1,1,1,1.0
70,2,206.31,246.76,96.49000000000001,47.31999999999999,1,1,1.0
70,4,847.0,228.9,113.0,77.1,1,1,1.0
71,2,206.31,246.76,96.49000000000001,47.31999999999999,1,1,1.0
71,4,841.0,231.4,119.0,79.99999999999997,1,1,1.0
72,2,206.31,246.76,96.49000000000001,47.31999999999999,1,1,1.0
72,4,836.3,231.4,123.70000000000005,79.99999999999997,1,1,1.0
73,2,206.31,246.76,96.49000000000001,47.31999999999999,1,1,1.0
73,5,822.6,257.02,9.309999999999945,29.480000000000018,1,1,1.0
73,4,834.1,231.4,125.89999999999998,79.99999999999997,1,1,1.0
74,2,206.31,246.76,96.49000000000001,47.31999999999999,1,1,1.0
74,5,815.6,257.02,16.309999999999945,29.480000000000018,1,1,1.0
74,4,825.6,231.4,134.39999999999998,85.4,1,1,1.0
75,2,206.31,246.76,96.49000000000001,47.31999999999999,1,1,1.0
75,5,807.62,257.02,16.309999999999945,29.480000000000018,1,1,1.0
75,4,820.5,231.4,139.5,85.4,1,1,1.0
76,2,206.31,246.76,96.49000000000001,47.31999999999999,1,1,1.0
76,5,798.15,257.02,16.300000000000068,29.480000000000018,1,1,1.0
76,4,812.6,233.0,147.39999999999998,87.0,1,1,1.0
77,2,206.31,246.76,96.49000000000001,47.31999999999999,1,1,1.0
77,5,790.57,257.96,16.299999999999955,29.49000000000001,1,1,1.0
77,4,805.97,233.95,154.02999999999997,87.0,1,1,1.0
78,2,206.31,246.76,96.49000000000001,47.31999999999999,1,1,1.0
78,5,780.46,258.91,18.539999999999964,29.489999999999952,1,1,1.0
78,4,794.6,233.95,165.39999999999998,87.0,1,1,1.0
79,2,206.31,246.76,96.49000000000001,47.31999999999999,1,1,1.0
79,5,766.88,258.59,23.549999999999955,29.49000000000001,1,1,1.0
79,4,787.63,234.89,172.37,87.0,1,1,1.0
80,2,206.31,246.76,96.49000000000001,47.31999999999999,1,1,1.0
80,5,759.3,260.17,23.550000000000068,29.49000000000001,1,1,1.0
80,4,778.16,238.68,172.36,87.0,1,1,1.0
81,2,206.31,246.76,96.49000000000001,47.31999999999999,1,1,1.0
81,5,751.09,261.44,23.539999999999964,29.480000000000018,1,1,1.0
81,4,770.89,237.4,172.37,90.49999999999997,1,1,1.0
82,2,206.31,246.76,96.49000000000001,47.31999999999999,1,1,1.0
82,5,739.71,261.44,26.389999999999986,29.480000000000018,1,1,1.0
82,4,759.87,236.4,177.33000000000004,95.04999999999998,1,1,1.0
83,2,206.31,246.76,96.49000000000001,47.31999999999999,1,1,1.0
83,5,732.96,261.44,26.389999999999986,29.480000000000018,1,1,1.0
83,4,752.41,237.11,177.33000000000004,95.05000000000001,1,1,1.0
84,2,206.31,246.76,96.49000000000001,47.31999999999999,1,1,1.0
84,5,720.88,261.44,29.620000000000005,29.480000000000018,1,1,1.0
84,4,743.55,238.53,186.54000000000008,95.04999999999998,1,1,1.0
85,2,206.31,246.76,96.49000000000001,47.31999999999999,1,1,1.0
85,5,710.57,263.21,29.620000000000005,29.49000000000001,1,1,1.0
85,4,732.18,241.73,186.54000000000008,95.04999999999998,1,1,1.0
86,2,206.31,246.76,96.49000000000001,47.31999999999999,1,1,1.0
86,5,698.5,264.64,32.10000000000002,29.480000000000018,1,1,1.0
86,4,726.5,241.0,186.52999999999997,96.85000000000002,1,1,1.0
87,2,206.31,246.76,96.49000000000001,47.31999999999999,1,1,1.0
87,5,687.48,265.7,34.91999999999996,29.80000000000001,1,1,1.0
87,4,715.83,242.8,193.66999999999996,98.59999999999997,1,1,1.0
88,2,206.31,246.76,96.49000000000001,47.31999999999999,1,1,1.0
88,5,675.75,265.7,34.91999999999996,29.80000000000001,1,1,1.0
88,4,705.53,242.8,193.66000000000008,98.59999999999997,1,1,1.0
89,2,206.31,246.76,96.49000000000001,47.31999999999999,1,1,1.0
89,5,664.7,265.7,45.969999999999914,29.80000000000001,1,1,1.0
89,4,695.2,242.8,203.99,103.59999999999997,1,1,1.0
90,2,206.31,246.76,96.49000000000001,47.31999999999999,1,1,1.0
90,5,651.55,265.7,45.97000000000003,29.80000000000001,1,1,1.0
90,4,684.54,243.16,203.99,103.6,1,1,1.0
91,2,206.31,246.76,96.49000000000001,47.31999999999999,1,1,1.0
91,5,644.09,266.06,45.969999999999914,29.80000000000001,1,1,1.0
91,4,676.36,243.87,204.0,103.60000000000002,1,1,1.0
92,2,206.31,246.76,96.49000000000001,47.31999999999999,1,1,1.0
92,5,631.29,266.41,45.97000000000003,29.799999999999955,1,1,1.0
92,4,664.63,248.13,207.16999999999996,103.60000000000002,1,1,1.0
93,2,206.31,246.76,96.49000000000001,47.31999999999999,1,1,1.0
93,5,617.17,267.03,45.98000000000002,29.80000000000001,1,1,1.0
93,4,652.36,248.13,213.93999999999994,109.17000000000002,1,1,1.0
94,2,206.31,246.76,96.49000000000001,47.31999999999999,1,1,1.0
94,5,602.45,268.26,70.54999999999995,29.79000000000002,1,1,1.0
94,4,641.93,250.59,213.94000000000005,109.16999999999999,1,1,1.0
95,2,206.31,246.76,96.49000000000001,47.31999999999999,1,1,1.0
95,5,592.62,268.26,70.55999999999995,29.79000000000002,1,1,1.0
95,4,633.95,251.2,213.93999999999994,109.17000000000002,1,1,1.0
96,2,206.31,246.76,96.49000000000001,47.31999999999999,1,1,1.0
96,5,579.12,268.26,70.55999999999995,29.79000000000002,1,1,1.0
96,4,624.13,251.2,220.66999999999996,109.17000000000002,1,1,1.0
97,2,206.31,246.76,96.49000000000001,47.31999999999999,1,1,1.0
97,5,565.0,268.26,77.92999999999995,29.79000000000002,1,1,1.0
97,4,609.4,256.11,227.39999999999998,109.16999999999996,1,1,1.0
98,2,206.31,246.76,96.49000000000001,47.31999999999999,1,1,1.0
98,5,555.18,269.48,77.93000000000006,29.799999999999955,1,1,1.0
98,4,599.58,255.5,227.39999999999998,118.39999999999998,1,1,1.0
99,2,206.31,246.76,96.49000000000001,47.31999999999999,1,1,1.0
99,5,545.97,270.1,77.92999999999995,29.789999999999964,1,1,1.0
99,4,584.85,256.11,234.14999999999998,118.39999999999998,1,1,1.0
100,2,206.31,246.76,96.49000000000001,47.31999999999999,1,1,1.0
100,5,531.24,271.94,77.92999999999995,29.80000000000001,1,1,1.0
100,4,571.96,256.7,243.93999999999994,122.72000000000003,1,1,1.0
101,2,206.31,246.76,96.49000000000001,47.31999999999999,1,1,1.0
101,5,510.99,271.33,94.50999999999999,29.79000000000002,1,1,1.0
101,4,554.78,259.77,248.82000000000005,122.72000000000003,1,1,1.0
102,2,206.31,246.76,96.49000000000001,47.31999999999999,1,1,1.0
102,5,494.42,272.55,94.50999999999993,29.80000000000001,1,1,1.0
102,4,544.96,258.54,248.81999999999994,122.72999999999996,1,1,1.0
103,2,206.31,246.76,96.49000000000001,47.31999999999999,1,1,1.0
103,5,488.28,273.78,94.50999999999999,29.80000000000001,1,1,1.0
103,4,537.59,261.61,248.82999999999993,122.71999999999997,1,1,1.0
104,2,206.31,246.76,96.49000000000001,47.31999999999999,1,1,1.0
104,5,472.94,273.78,94.51000000000005,29.80000000000001,1,1,1.0
104,4,517.34,264.1,258.65999999999997,131.89,1,1,1.0
104,6,949.95,232.23,9.819999999999936,36.83000000000001,1,1,1.0
105,2,206.31,246.76,96.49000000000001,47.31999999999999,1,1,1.0
105,5,458.82,276.24,94.51000000000005,29.789999999999964,1,1,1.0
105,4,507.52,265.33,258.65999999999997,131.89000000000004,1,1,1.0
105,6,947.17,232.23,12.600000000000023,36.83000000000001,1,1,1.0
105,7,688.49,251.87,80.39999999999998,12.889999999999986,1,1,1.0
106,2,206.31,246.76,96.49000000000001,47.31999999999999,1,1,1.0
106,5,445.32,276.24,94.51000000000005,29.789999999999964,1,1,1.0
106,4,489.11,267.78,269.09000000000003,131.90000000000003,1,1,1.0
106,6,944.4,232.23,15.370000000000005,36.83000000000001,1,1,1.0
106,7,686.04,254.33,80.40000000000009,12.879999999999967,1,1,1.0
107,2,206.31,246.76,96.49000000000001,47.31999999999999,1,1,1.0
107,5,434.37,276.24,94.50999999999999,29.789999999999964,1,1,1.0
107,4,468.3,267.78,284.40000000000003,131.90000000000003,1,1,1.0
107,6,942.2,213.3,17.569999999999936,55.75999999999999,1,1,1.0
107,7,671.21,254.7,80.39999999999998,12.889999999999986,1,1,1.0
108,2,206.31,246.76,96.49000000000001,47.31999999999999,1,1,1.0
108,5,414.72,275.1,99.32999999999993,32.789999999999964,1,1,1.0
108,4,457.18,270.38,284.40000000000003,137.42000000000002,1,1,1.0
108,6,936.3,213.3,23.470000000000027,55.75999999999999,1,1,1.0
108,7,656.38,255.1,80.40999999999997,15.080000000000013,1,1,1.0
109,2,206.31,246.76,96.49000000000001,47.31999999999999,1,1,1.0
109,5,401.75,276.21,99.32999999999998,32.79000000000002,1,1,1.0
109,4,442.35,270.94,289.78999999999996,142.79000000000002,1,1,1.0
109,6,932.2,213.3,27.569999999999936,55.75999999999999,1,1,1.0
109,7,641.93,255.47,80.40000000000009,15.080000000000013,1,1,1.0
110,2,206.31,246.76,96.49000000000001,47.31999999999999,1,1,1.0
110,5,387.3,276.58,104.88,35.420000000000016,1,1,1.0
110,4,427.53,271.5,295.1700000000001,148.16000000000003,1,1,1.0
110,6,925.5,213.3,34.26999999999998,55.75999999999999,1,1,1.0
110,7,621.5,255.1,90.45000000000005,22.50000000000003,1,1,1.0
111,2,206.31,246.76,96.49000000000001,47.31999999999999,1,1,1.0
111,5,373.22,276.95,104.88,35.420000000000016,1,1,1.0
111,4,409.37,273.4,302.63,149.97000000000003,1,1,1.0
111,6,923.3,213.3,36.47000000000003,55.75999999999999,1,1,1.0
111,7,608.53,254.73,90.45000000000005,22.50000000000003,1,1,1.0
112,2,206.31,246.76,96.49000000000001,47.31999999999999,1,1,1.0
112,5,356.2,279.18,110.78000000000003,35.40999999999997,1,1,1.0
112,4,396.4,273.77,302.63,149.97000000000003,1,1,1.0
112,6,917.7,213.3,42.069999999999936,55.75999999999999,1,1,1.0
112,7,597.41,256.58,90.45000000000005,22.5,1,1,1.0
113,2,206.31,246.76,96.49000000000001,47.31999999999999,1,1,1.0
113,5,343.6,278.43,110.77999999999997,35.420000000000016,1,1,1.0
113,4,378.23,275.62,313.37,149.96999999999997,1,1,1.0
113,6,914.0,213.3,45.76999999999998,55.75999999999999,1,1,1.0
113,7,584.81,258.43,90.45000000000005,22.50999999999999,1,1,1.0
114,2,206.31,246.76,96.49000000000001,47.31999999999999,1,1,1.0
114,5,331.54,279.36,110.77999999999997,35.41999999999996,1,1,1.0
114,4,356.94,281.19,329.06,161.11,1,1,1.0
114,6,909.4,213.3,50.370000000000005,55.75999999999999,1,1,1.0
114,7,570.89,258.4,90.45000000000005,25.32000000000005,1,1,1.0
115,2,206.31,246.76,96.49000000000001,47.31999999999999,1,1,1.0
115,5,315.76,280.29,110.78000000000003,35.41999999999996,1,1,1.0
115,4,342.09,283.05,329.06,161.11,1,1,1.0
115,6,902.9,213.3,56.870000000000005,55.75999999999999,1,1,1.0
115,7,561.61,258.4,90.44999999999993,25.32000000000005,1,1,1.0
116,2,206.31,246.76,96.49000000000001,47.31999999999999,1,1,1.0
116,5,297.21,280.29,110.78000000000003,35.41999999999996,1,1,1.0
116,4,317.97,284.9,341.13,161.11,1,1,1.0
116,6,897.3,213.3,62.47000000000003,55.75999999999999,1,1,1.0
116,7,552.33,258.4,90.45999999999992,25.32000000000005,1,1,1.0
117,2,206.31,246.76,96.49000000000001,47.31999999999999,1,1,1.0
117,5,285.15,281.22,110.77000000000004,35.41999999999996,1,1,1.0
117,4,297.56,284.9,347.64000000000004,165.8,1,1,1.0
117,6,892.65,213.3,67.12,55.75999999999999,1,1,1.0
117,7,525.4,260.26,97.89999999999998,25.319999999999993,1,1,1.0
118,2,206.31,246.76,96.49000000000001,47.31999999999999,1,1,1.0
118,5,270.3,282.15,110.77999999999997,35.410000000000025,1,1,1.0
118,4,278.1,287.69,355.97,165.79000000000002,1,1,1.0
118,6,888.0,213.3,71.76999999999998,55.75999999999999,1,1,1.0
118,7,504.1,260.26,119.19999999999993,33.639999999999986,1,1,1.0
119,2,206.31,246.76,96.49000000000001,47.31999999999999,1,1,1.0
119,5,254.53,283.07,110.78,35.420000000000016,1,1,1.0
119,4,262.33,297.89,355.96,165.8,1,1,1.0
119,6,882.4,213.3,77.37,60.39999999999998,1,1,1.0
119,7,492.04,261.18,114.56,33.64999999999998,1,1,1.0
120,2,206.31,246.76,96.49000000000001,47.31999999999999,1,1,1.0
120,5,242.47,286.8,110.78,39.110000000000014,1,1,1.0
120,4,234.49,292.3,379.21000000000004,181.59999999999997,1,1,1.0
120,6,880.54,213.3,77.37,60.39999999999998,1,1,1.0
120,7,478.12,263.97,114.55999999999995,33.639999999999986,1,1,1.0
121,2,206.31,246.76,96.49000000000001,47.31999999999999,1,1,1.0
121,5,218.3,286.8,119.17000000000002,39.110000000000014,1,1,1.0
121,4,220.57,292.3,379.21,181.59999999999997,1,1,1.0
121,6,874.05,213.3,77.37,60.39999999999998,1,1,1.0
121,7,466.06,265.82,114.56,33.650000000000034,1,1,1.0
122,2,206.31,246.76,96.49000000000001,47.31999999999999,1,1,1.0
122,5,208.09,289.58,119.17999999999998,39.120000000000005,1,1,1.0
122,4,188.1,293.23,401.5,186.26999999999998,1,1,1.0
122,6,867.56,213.3,77.37,60.39999999999998,1,1,1.0
122,7,451.21,265.8,114.56,37.379999999999995,1,1,1.0
123,2,206.31,246.76,96.49000000000001,47.31999999999999,1,1,1.0
123,5,190.46,288.66,119.17999999999998,39.10999999999996,1,1,1.0
123,4,169.54,297.87,401.5,186.26999999999998,1,1,1.0
123,6,860.13,213.3,77.37,60.39999999999998,1,1,1.0
123,7,437.29,265.8,114.57,37.379999999999995,1,1,1.0
124,2,206.31,246.76,96.49000000000001,47.31999999999999,1,1,1.0
124,5,170.05,290.51,119.18,39.110000000000014,1,1,1.0
124,4,138.0,294.16,420.98,209.44,1,1,1.0
124,6,858.28,213.3,77.37,60.39999999999998,1,1,1.0
124,7,423.38,265.8,114.56000000000006,37.379999999999995,1,1,1.0
125,2,206.31,246.76,96.49000000000001,47.31999999999999,1,1,1.0
125,5,152.42,290.51,119.18000000000004,39.110000000000014,1,1,1.0
125,4,120.37,298.79,420.98,209.45,1,1,1.0
125,6,852.71,217.01,77.37,60.400000000000034,1,1,1.0
125,7,409.46,265.8,114.56,41.099999999999966,1,1,1.0
126,2,206.31,246.76,96.49000000000001,47.31999999999999,1,1,1.0
126,5,135.72,293.3,119.18,42.81999999999999,1,1,1.0
126,4,92.54,305.29,440.46,209.44,1,1,1.0
126,6,847.14,217.94,77.37,60.39999999999998,1,1,1.0
126,7,393.69,265.8,114.56,41.099999999999966,1,1,1.0
127,2,206.31,246.76,96.49000000000001,47.31999999999999,1,1,1.0
127,5,113.5,297.01,125.62,42.81999999999999,1,1,1.0
127,4,61.0,305.29,472.0,209.44,1,1,1.0
127,6,841.58,218.87,77.36000000000001,60.39999999999998,1,1,1.0
127,7,380.7,265.8,114.56,41.099999999999966,1,1,1.0
128,2,206.31,246.76,96.49000000000001,47.31999999999999,1,1,1.0
128,5,97.04,293.72,125.61999999999999,42.81999999999999,1,1,1.0
128,4,34.09,309.6,469.40999999999997,213.5,1,1,1.0
128,6,829.51,218.87,92.19000000000005,60.39999999999998,1,1,1.0
128,7,363.99,267.66,114.57,47.539999999999964,1,1,1.0
129,2,206.31,246.76,96.49000000000001,47.31999999999999,1,1,1.0
129,5,79.26,293.72,125.61999999999999,42.81999999999999,1,1,1.0
129,4,7.1,308.94,478.62,229.26000000000005,1,1,1.0
129,6,824.9,218.87,85.70000000000005,60.39999999999998,1,1,1.0
129,7,345.56,266.34,121.13999999999999,47.54000000000002,1,1,1.0
130,2,206.31,246.76,96.49000000000001,47.31999999999999,1,1,1.0
130,5,62.79,293.72,125.63,42.81999999999999,1,1,1.0
130,4,0.0,315.5,469.26,222.70000000000005,1,1,1.0
130,6,818.97,218.87,85.69999999999993,60.39999999999998,1,1,1.0
130,7,329.75,266.34,121.14999999999998,47.54000000000002,1,1,1.0
131,2,206.31,246.76,96.49000000000001,47.31999999999999,1,1,1.0
131,5,43.7,293.72,125.61999999999999,53.379999999999995,1,1,1.0
131,4,0.0,315.5,451.5,222.70000000000005,1,1,1.0
131,6,813.51,218.87,85.70000000000005,60.39999999999998,1,1,1.0
131,7,313.95,266.34,121.13999999999999,47.54000000000002,1,1,1.0
132,2,206.31,246.76,96.49000000000001,47.31999999999999,1,1,1.0
132,5,22.24,294.11,132.66,53.379999999999995,1,1,1.0
132,4,0.0,318.2,438.6,220.00000000000006,1,1,1.0
132,6,808.44,218.87,85.69999999999993,60.39999999999998,1,1,1.0
132,7,301.08,266.34,121.14000000000004,51.460000000000036,1,1,1.0
133,2,206.31,246.76,96.49000000000001,47.31999999999999,1,1,1.0
133,5,4.69,294.11,132.66,53.379999999999995,1,1,1.0
133,4,0.0,322.1,438.6,216.10000000000002,1,1,1.0
133,6,799.47,218.87,85.69999999999993,60.39999999999998,1,1,1.0
133,7,288.74,266.34,121.14999999999998,51.460000000000036,1,1,1.0
134,2,206.31,246.76,96.49000000000001,47.31999999999999,1,1,1.0
134,5,0.0,294.11,121.65,53.379999999999995,1,1,1.0
134,4,0.0,324.3,407.2,215.7,1,1,1.0
134,6,796.11,218.87,85.69999999999993,60.39999999999998,1,1,1.0
134,7,270.81,266.34,121.13999999999999,51.460000000000036,1,1,1.0
135,2,206.31,246.76,96.49000000000001,47.31999999999999,1,1,1.0
135,5,0.0,301.3,102.01,51.089999999999975,1,1,1.0
135,4,0.0,324.3,388.6,215.7,1,1,1.0
135,6,789.62,220.72,85.70000000000005,60.400000000000006,1,1,1.0
135,7,253.99,268.58,121.13999999999999,51.460000000000036,1,1,1.0
136,2,206.31,246.76,96.49000000000001,47.31999999999999,1,1,1.0
136,5,0.0,301.3,85.7,51.089999999999975,1,1,1.0
136,4,0.0,329.9,367.3,210.10000000000002,1,1,1.0
136,6,776.5,221.45,94.45000000000005,62.55000000000001,1,1,1.0
136,7,238.0,271.49,121.13999999999999,51.45999999999998,1,1,1.0
137,2,206.31,246.76,96.49000000000001,47.31999999999999,1,1,1.0
137,5,0.0,301.3,68.1,51.089999999999975,1,1,1.0
137,4,0.0,336.4,350.2,203.60000000000002,1,1,1.0
137,6,772.14,221.45,91.20000000000005,62.55000000000001,1,1,1.0
137,7,222.74,271.49,123.65999999999997,51.45999999999998,1,1,1.0
138,2,206.31,246.76,96.49000000000001,47.31999999999999,1,1,1.0
138,5,0.0,301.3,52.7,51.089999999999975,1,1,1.0
138,4,0.0,336.4,333.1,203.60000000000002,1,1,1.0
138,6,765.6,225.16,95.88,62.54999999999998,1,1,1.0
138,7,201.4,271.49,132.29999999999998,57.610000000000014,1,1,1.0
139,2,206.31,246.76,96.49000000000001,47.31999999999999,1,1,1.0
139,5,0.0,301.3,29.9,51.089999999999975,1,1,1.0
139,4,0.0,339.9,315.1,200.10000000000002,1,1,1.0
139,6,758.68,225.16,95.8900000000001,62.54999999999998,1,1,1.0
139,7,185.5,271.49,135.5,57.610000000000014,1,1,1.0
140,2,206.31,246.76,96.49000000000001,47.31999999999999,1,1,1.0
140,5,0.0,318.2,9.6,34.19,1,1,1.0
140,4,0.0,339.9,296.8,200.10000000000002,1,1,1.0
140,6,751.24,225.16,95.88999999999999,62.54999999999998,1,1,1.0
140,7,169.3,271.49,134.09999999999997,57.610000000000014,1,1,1.0
141,2,206.31,246.76,96.49000000000001,47.31999999999999,1,1,1.0
141,4,0.0,348.7,270.4,191.3,1,1,1.0
141,6,744.48,225.84,95.88,62.54999999999998,1,1,1.0
141,7,153.75,277.58,134.10000000000002,57.610000000000014,1,1,1.0
142,2,206.31,246.76,96.49000000000001,47.31999999999999,1,1,1.0
142,4,0.0,354.1,246.1,185.89999999999998,1,1,1.0
142,6,735.7,225.84,99.25,62.54999999999998,1,1,1.0
142,7,137.51,280.28,134.10000000000002,57.610000000000014,1,1,1.0
143,2,206.31,246.76,96.49000000000001,47.31999999999999,1,1,1.0
143,4,0.0,354.1,229.9,185.89999999999998,1,1,1.0
143,6,728.26,225.84,99.25,62.54999999999998,1,1,1.0
143,7,121.28,281.63,134.1,57.610000000000014,1,1,1.0
144,2,206.31,246.76,96.49000000000001,47.31999999999999,1,1,1.0
144,4,0.0,360.9,204.9,179.10000000000002,1,1,1.0
144,6,720.14,225.84,99.25999999999999,62.54999999999998,1,1,1.0
144,7,103.7,281.63,134.10000000000002,57.610000000000014,1,1,1.0
145,2,206.31,246.76,96.49000000000001,47.31999999999999,1,1,1.0
145,4,0.0,365.0,184.6,175.0,1,1,1.0
145,6,712.03,227.19,99.25,62.55000000000001,1,1,1.0
145,7,87.47,282.31,134.1,57.610000000000014,1,1,1.0
146,2,206.31,246.76,96.49000000000001,47.31999999999999,1,1,1.0
146,4,0.0,369.73,154.36,170.26999999999998,1,1,1.0
146,6,700.9,228.12,107.60000000000002,62.55000000000001,1,1,1.0
146,7,67.86,283.66,134.10000000000002,57.60999999999996,1,1,1.0
147,2,206.31,246.76,96.49000000000001,47.31999999999999,1,1,1.0
147,4,0.0,369.73,131.2,170.26999999999998,1,1,1.0
147,6,693.48,226.5,107.60000000000002,68.81,1,1,1.0
147,7,46.5,283.66,144.32,57.60999999999996,1,1,1.0
148,2,206.31,246.76,96.49000000000001,47.31999999999999,1,1,1.0
148,4,0.0,369.73,103.3,170.26999999999998,1,1,1.0
148,6,686.19,227.19,107.59999999999991,68.81,1,1,1.0
148,7,28.28,283.66,144.32,64.03999999999996,1,1,1.0
149,2,206.31,246.76,96.49000000000001,47.31999999999999,1,1,1.0
149,4,0.0,384.7,79.7,155.3,1,1,1.0
149,6,680.83,227.19,107.59999999999991,68.81,1,1,1.0
149,7,13.28,286.88,144.32,64.03000000000003,1,1,1.0
150,2,206.31,246.76,96.49000000000001,47.31999999999999,1,1,1.0
150,4,0.0,392.2,54.0,147.8,1,1,1.0
150,6,671.19,227.19,107.59999999999991,68.81,1,1,1.0
150,7,0.0,287.95,140.45,64.04000000000002,1,1,1.0
151,2,206.31,246.76,96.49000000000001,47.31999999999999,1,1,1.0
151,4,0.0,406.1,19.7,133.89999999999998,1,1,1.0
151,6,660.47,227.19,107.60000000000002,68.81,1,1,1.0
151,7,0.0,287.95,123.3,64.04000000000002,1,1,1.0
152,2,206.31,246.76,96.49000000000001,47.31999999999999,1,1,1.0
152,6,650.8,227.19,108.69000000000005,68.81,1,1,1.0
152,7,0.0,287.95,107.2,64.04000000000002,1,1,1.0
153,2,206.31,246.76,96.49000000000001,47.31999999999999,1,1,1.0
153,6,640.1,229.34,112.95999999999992,68.80999999999997,1,1,1.0
153,7,0.0,292.2,86.8,59.79000000000002,1,1,1.0
154,2,206.31,246.76,96.49000000000001,47.31999999999999,1,1,1.0
154,6,631.53,231.48,112.96000000000004,68.81000000000003,1,1,1.0
154,7,0.0,292.2,69.7,59.79000000000002,1,1,1.0
155,2,206.31,246.76,96.49000000000001,47.31999999999999,1,1,1.0
155,6,622.95,231.48,112.95999999999992,68.81000000000003,1,1,1.0
155,7,0.0,292.2,50.4,59.79000000000002,1,1,1.0
156,2,206.31,246.76,96.49000000000001,47.31999999999999,1,1,1.0
156,6,609.0,231.48,121.60000000000002,68.81000000000003,1,1,1.0
156,7,0.0,297.56,35.4,59.77999999999997,1,1,1.0
157,2,206.31,246.76,96.49000000000001,47.31999999999999,1,1,1.0
157,6,600.43,231.48,121.60000000000002,68.81000000000003,1,1,1.0
157,7,0.0,297.56,15.0,59.77999999999997,1,1,1.0
158,2,206.31,246.76,96.49000000000001,47.31999999999999,1,1,1.0
158,6,590.78,231.48,121.60000000000002,68.81000000000003,1,1,1.0
159,2,206.31,246.76,96.49000000000001,47.31999999999999,1,1,1.0
159,6,583.28,233.62,121.60000000000002,68.81,1,1,1.0
160,2,206.31,246.76,96.49000000000001,47.31999999999999,1,1,1.0
160,6,570.42,234.7,121.60000000000002,68.80000000000001,1,1,1.0
161,2,206.31,246.76,96.49000000000001,47.31999999999999,1,1,1.0
161,6,565.06,233.62,121.60000000000002,68.81,1,1,1.0
162,2,206.31,246.76,96.49000000000001,47.31999999999999,1,1,1.0
162,6,548.98,233.62,121.60000000000002,68.81,1,1,1.0
163,2,206.31,246.76,96.49000000000001,47.31999999999999,1,1,1.0
163,6,542.55,234.7,121.60000000000002,68.80000000000001,1,1,1.0
164,2,206.31,246.76,96.49000000000001,47.31999999999999,1,1,1.0
164,6,533.98,235.77,121.60000000000002,68.79999999999998,1,1,1.0
165,2,206.31,246.76,96.49000000000001,47.31999999999999,1,1,1.0
165,6,517.9,237.91,121.60000000000002,68.81000000000003,1,1,1.0
166,2,206.31,246.76,96.49000000000001,47.31999999999999,1,1,1.0
166,6,510.4,237.91,121.60000000000002,68.81000000000003,1,1,1.0
167,2,206.31,246.76,96.49000000000001,47.31999999999999,1,1,1.0
167,6,500.75,237.91,121.60000000000002,68.81000000000003,1,1,1.0
168,2,206.31,246.76,96.49000000000001,47.31999999999999,1,1,1.0
168,6,482.5,237.91,129.14,68.81000000000003,1,1,1.0
169,2,206.31,246.76,96.49000000000001,47.31999999999999,1,1,1.0
169,6,470.7,237.91,135.59999999999997,68.81000000000003,1,1,1.0
170,2,206.31,246.76,96.49000000000001,47.31999999999999,1,1,1.0
170,6,458.9,237.91,132.39999999999998,68.81000000000003,1,1,1.0
171,2,206.31,246.76,96.49000000000001,47.31999999999999,1,1,1.0
171,6,449.3,237.91,134.49999999999994,68.81000000000003,1,1,1.0
172,2,206.31,246.76,96.49000000000001,47.31999999999999,1,1,1.0
172,6,437.5,237.91,133.39999999999998,76.28999999999999,1,1,1.0
173,2,206.31,246.76,96.49000000000001,47.31999999999999,1,1,1.0
173,6,425.71,237.91,133.40000000000003,76.28999999999999,1,1,1.0
174,2,206.31,246.76,96.49000000000001,47.31999999999999,1,1,1.0
174,6,414.99,237.91,133.39999999999998,76.28999999999999,1,1,1.0
175,2,206.31,246.76,96.49000000000001,47.31999999999999,1,1,1.0
175,6,406.42,241.12,133.40000000000003,76.29000000000002,1,1,1.0
176,2,206.31,246.76,96.49000000000001,47.31999999999999,1,1,1.0
176,6,395.7,241.12,133.40000000000003,76.29000000000002,1,1,1.0
177,2,206.31,246.76,96.49000000000001,47.31999999999999,1,1,1.0
177,6,384.99,242.2,133.39999999999998,76.29000000000002,1,1,1.0
178,2,206.31,246.76,96.49000000000001,47.31999999999999,1,1,1.0
178,6,371.1,242.2,137.7,76.29000000000002,1,1,1.0
179,2,206.31,246.76,96.49000000000001,47.31999999999999,1,1,1.0
179,6,358.23,242.6,137.7,76.72,1,1,1.0
180,2,206.31,246.76,96.49000000000001,47.31999999999999,1,1,1.0
180,6,347.03,241.77,137.70000000000005,76.72,1,1,1.0
181,2,206.31,246.76,96.49000000000001,47.31999999999999,1,1,1.0
181,6,336.24,242.6,137.7,76.72,1,1,1.0
182,2,206.31,246.76,96.49000000000001,47.31999999999999,1,1,1.0
182,6,321.3,242.6,145.87,76.72,1,1,1.0
183,2,206.31,246.76,96.49000000000001,47.31999999999999,1,1,1.0
183,6,308.44,242.6,145.87,76.72,1,1,1.0
184,2,206.31,246.76,96.49000000000001,47.31999999999999,1,1,1.0
184,6,297.61,243.28,145.87,76.71000000000001,1,1,1.0
185,2,206.31,246.76,96.49000000000001,47.31999999999999,1,1,1.0
185,6,286.79,241.92,145.85999999999996,76.72,1,1,1.0
186,2,206.31,246.76,96.49000000000001,47.31999999999999,1,1,1.0
186,6,277.99,242.6,145.87,76.72,1,1,1.0
187,2,206.31,246.76,96.49000000000001,47.31999999999999,1,1,1.0
187,6,264.45,243.95,145.87,76.72000000000003,1,1,1.0
188,2,206.31,246.76,96.49000000000001,47.31999999999999,1,1,1.0
188,6,252.95,244.63,145.87,76.72000000000003,1,1,1.0
189,2,206.31,246.76,96.49000000000001,47.31999999999999,1,1,1.0
189,6,240.09,248.01,145.86999999999998,76.72000000000003,1,1,1.0
190,2,206.31,246.76,96.49000000000001,47.31999999999999,1,1,1.0
190,6,230.61,247.34,145.87,76.71000000000001,1,1,1.0
