1,1,52.1,61.0,124.70000000000002,60.7,1,1,1.0
1,2,0.12,13.93,18.009999999999998,27.53,1,1,1.0
1,3,96.5,0.0,223.0,62.32,1,1,1.0
1,4,311.48,0.0,399.22,112.15,1,1,1.0
2,1,34.2,56.4,118.99999999999999,58.309999999999995,1,1,1.0
2,2,0.12,13.93,9.58,27.53,1,1,1.0
2,3,96.5,0.0,223.0,62.32,1,1,1.0
2,4,311.48,0.0,398.86,112.15,1,1,1.0
3,1,21.53,55.7,112.47,54.86,1,1,1.0
3,2,0.12,13.93,3.48,27.53,1,1,1.0
3,3,96.5,0.0,223.0,62.32,1,1,1.0
3,4,311.48,0.0,398.5,112.15,1,1,1.0
4,1,4.5,52.9,109.2,55.699999999999996,1,1,1.0
4,3,96.5,0.0,223.0,62.32,1,1,1.0
4,4,311.48,0.0,398.14,112.15,1,1,1.0
5,1,0.4,49.4,93.39999999999999,55.1,1,1,1.0
5,3,96.5,0.0,223.0,62.32,1,1,1.0
5,4,311.48,0.0,397.78,112.15,1,1,1.0
6,1,0.0,47.9,75.0,50.1,1,1,1.0
6,3,96.5,0.0,223.0,62.32,1,1,1.0
6,4,311.48,0.0,397.42999999999995,112.15,1,1,1.0
7,1,0.0,45.0,58.0,49.3,1,1,1.0
7,3,96.5,0.0,223.0,62.32,1,1,1.0
7,4,311.48,0.0,397.06999999999994,112.15,1,1,1.0
8,1,0.13,41.41,41.87,48.49000000000001,1,1,1.0
8,3,96.5,0.0,223.0,62.32,1,1,1.0
8,4,311.48,0.0,396.71000000000004,112.15,1,1,1.0
9,1,0.13,41.41,26.07,48.49000000000001,1,1,1.0
9,3,96.5,0.0,223.0,62.32,1,1,1.0
9,4,311.48,0.0,396.35,112.15,1,1,1.0
10,1,0.13,48.6,12.37,29.800000000000004,1,1,1.0
10,5,916.38,187.11,43.620000000000005,86.41999999999996,1,1,1.0
10,3,96.5,0.0,223.0,62.32,1,1,1.0
10,4,311.48,0.0,395.99,112.15,1,1,1.0
11,5,869.0,182.3,91.0,85.5,1,1,1.0
11,3,96.5,0.0,223.0,62.32,1,1,1.0
11,4,311.48,0.0,395.63,112.15,1,1,1.0
12,5,823.8,175.3,136.20000000000005,86.89999999999998,1,1,1.0
12,3,96.5,0.0,223.0,62.32,1,1,1.0
12,4,311.48,0.0,395.27,112.15,1,1,1.0
13,5,782.77,163.2,177.23000000000002,96.19999999999999,1,1,1.0
13,3,96.5,0.0,223.0,62.32,1,1,1.0
13,4,311.48,0.0,394.90999999999997,112.15,1,1,1.0
14,5,733.4,151.1,226.60000000000002,121.35,1,1,1.0
14,3,96.5,0.0,223.0,62.32,1,1,1.0
14,4,311.48,0.0,394.55999999999995,112.15,1,1,1.0
14,6,0.0,174.02,13.32,48.78,1,1,1.0
15,5,695.2,144.1,264.79999999999995,117.20000000000002,1,1,1.0
15,3,96.5,0.0,223.0,62.32,1,1,1.0
15,4,311.48,0.0,394.19999999999993,112.15,1,1,1.0
15,6,0.0,164.26,33.7,80.74000000000001,1,1,1.0
16,5,656.51,135.24,264.79999999999995,117.19999999999999,1,1,1.0
16,3,96.5,0.0,223.0,62.32,1,1,1.0
16,4,311.48,0.0,393.84000000000003,112.15,1,1,1.0
16,6,0.0,164.26,52.9,80.74000000000001,1,1,1.0
17,5,619.9,130.9,259.5,107.6,1,1,1.0
17,3,96.5,0.0,223.0,62.32,1,1,1.0
17,4,311.48,0.0,393.48,112.15,1,1,1.0
17,6,0.0,164.26,73.0,103.44,1,1,1.0
18,5,584.12,122.17,248.98000000000002,107.60000000000001,1,1,1.0
18,3,96.5,0.0,223.0,62.32,1,1,1.0
18,4,311.48,0.0,393.12,112.15,1,1,1.0
18,6,0.0,164.3,92.2,117.36000000000001,1,1,1.0
19,5,549.2,115.6,244.5999999999999,102.0,1,1,1.0
19,3,96.5,0.0,223.0,62.32,1,1,1.0
19,4,311.48,0.0,393.12,112.15,1,1,1.0
19,6,0.0,173.9,116.6,118.20000000000002,1,1,1.0
20,5,515.7,112.19,236.0,98.31,1,1,1.0
20,3,96.5,0.0,223.0,62.32,1,1,1.0
20,4,311.48,0.0,393.12,112.15,1,1,1.0
20,6,0.0,182.3,140.5,122.19999999999999,1,1,1.0
21,5,485.29,112.85,228.10999999999996,89.05000000000001,1,1,1.0
21,3,96.5,0.0,223.0,62.32,1,1,1.0
21,4,311.48,0.0,393.12,112.15,1,1,1.0
21,6,0.0,190.2,165.0,128.2,1,1,1.0
22,5,454.89,102.28,218.21000000000004,91.91999999999999,1,1,1.0
22,3,96.5,0.0,223.0,62.32,1,1,1.0
22,4,311.48,0.0,393.12,112.15,1,1,1.0
22,6,0.0,198.1,195.4,136.20000000000002,1,1,1.0
23,5,430.22,94.74,210.67999999999995,91.92,1,1,1.0
23,3,96.5,0.0,223.0,62.32,1,1,1.0
23,4,311.48,0.0,393.12,112.15,1,1,1.0
23,6,12.33,206.3,215.26999999999998,146.5,1,1,1.0
24,5,404.18,93.37,198.32,85.72999999999999,1,1,1.0
24,3,96.5,0.0,223.0,62.32,1,1,1.0
24,4,311.48,0.0,393.12,112.15,1,1,1.0
24,6,12.33,216.8,252.97,154.5,1,1,1.0
25,5,376.5,87.11,193.70000000000005,85.73,1,1,1.0
25,3,96.5,0.0,223.0,62.32,1,1,1.0
25,4,311.48,0.0,393.12,112.15,1,1,1.0
25,6,57.8,225.7,240.8,164.40000000000003,1,1,1.0
26,5,354.09,84.8,184.51000000000005,82.10000000000001,1,1,1.0
26,3,96.5,0.0,223.0,62.32,1,1,1.0
26,4,311.48,0.0,393.12,112.15,1,1,1.0
26,6,85.0,235.1,254.89999999999998,175.1,1,1,1.0
27,5,328.58,78.22,181.02000000000004,82.1,1,1,1.0
27,3,96.5,0.0,223.0,62.32,1,1,1.0
27,4,311.48,0.0,393.12,112.15,1,1,1.0
27,6,110.1,248.1,276.20000000000005,183.4,1,1,1.0
28,5,310.95,75.44,171.75,82.1,1,1,1.0
28,3,96.5,0.0,223.0,62.32,1,1,1.0
28,4,311.48,0.0,393.12,112.15,1,1,1.0
28,6,137.0,263.87,298.48,194.52999999999997,1,1,1.0
29,5,287.17,73.97,169.32999999999998,75.03,1,1,1.0
29,3,96.5,0.0,223.0,62.32,1,1,1.0
29,4,311.48,0.0,393.12,112.15,1,1,1.0
29,6,173.1,277.9,316.5,208.60000000000002,1,1,1.0
29,7,915.32,181.32,44.67999999999995,69.20000000000002,1,1,1.0
30,5,270.72,71.0,160.17999999999995,71.80000000000001,1,1,1.0
30,3,96.5,0.0,223.0,62.32,1,1,1.0
30,4,311.48,0.0,393.12,112.15,1,1,1.0
30,6,206.6,292.6,350.0,229.89999999999998,1,1,1.0
30,7,859.7,176.4,100.29999999999995,69.19999999999999,1,1,1.0
31,5,247.82,65.28,160.19,71.80000000000001,1,1,1.0
31,3,96.5,0.0,223.0,62.32,1,1,1.0
31,4,311.48,0.0,393.12,112.15,1,1,1.0
31,6,253.2,307.32,374.53000000000003,232.68,1,1,1.0
31,7,814.7,160.0,145.29999999999995,85.6,1,1,1.0
32,5,225.75,62.01,160.18,71.80000000000001,1,1,1.0
32,3,96.5,0.0,223.0,62.32,1,1,1.0
32,4,311.48,0.0,393.12,112.15,1,1,1.0
32,6,303.89,325.3,395.81000000000006,214.7,1,1,1.0
32,7,772.19,145.3,187.80999999999995,110.1,1,1,1.0
33,5,213.48,60.37,146.32000000000002,71.79999999999998,1,1,1.0
33,3,96.5,0.0,223.0,62.32,1,1,1.0
33,4,311.48,0.0,393.12,112.15,1,1,1.0
33,6,344.0,348.2,415.38,191.8,1,1,1.0
33,7,726.4,131.4,233.60000000000002,114.19999999999999,1,1,1.0
34,5,200.41,58.0,141.59,71.80000000000001,1,1,1.0
34,3,96.5,0.0,223.0,62.32,1,1,1.0
34,4,311.48,0.0,393.12,112.15,1,1,1.0
34,6,405.79,368.4,457.00999999999993,171.60000000000002,1,1,1.0
34,7,684.8,121.9,258.57000000000005,110.6,1,1,1.0
35,5,182.59,54.43,141.59,71.80000000000001,1,1,1.0
35,3,96.5,0.0,223.0,62.32,1,1,1.0
35,4,311.48,0.0,393.12,112.15,1,1,1.0
35,6,474.71,395.7,457.01000000000005,144.3,1,1,1.0
35,7,647.96,111.21,246.64,110.60000000000001,1,1,1.0
36,5,163.58,50.87,141.58,71.80000000000001,1,1,1.0
36,3,96.5,0.0,223.0,62.32,1,1,1.0
36,4,311.48,0.0,393.12,112.15,1,1,1.0
36,6,542.4,418.3,405.95000000000005,121.69999999999999,1,1,1.0
36,7,599.25,99.32,246.63,110.6,1,1,1.0
37,5,152.88,50.87,134.42000000000002,71.80000000000001,1,1,1.0
37,3,96.5,0.0,223.0,62.32,1,1,1.0
37,4,311.48,0.0,393.12,112.15,1,1,1.0
37,6,614.88,450.4,345.12,89.60000000000002,1,1,1.0
37,7,574.29,100.5,227.61,102.28999999999999,1,1,1.0
38,5,133.87,46.11,134.42000000000002,62.290000000000006,1,1,1.0
38,3,96.5,0.0,223.0,62.32,1,1,1.0
38,4,311.48,0.0,393.12,112.15,1,1,1.0
38,6,737.84,480.1,222.15999999999997,59.89999999999998,1,1,1.0
38,7,542.21,87.43,215.68999999999994,102.28999999999999,1,1,1.0
39,5,121.99,46.11,134.42000000000002,62.290000000000006,1,1,1.0
39,3,96.5,0.0,223.0,62.32,1,1,1.0
39,4,311.48,0.0,393.12,112.15,1,1,1.0
39,6,860.8,509.8,99.20000000000005,30.19999999999999,1,1,1.0
39,7,513.69,82.68,205.01,102.28999999999999,1,1,1.0
40,5,108.92,46.11,134.42000000000002,62.290000000000006,1,1,1.0
40,3,96.5,0.0,223.0,62.32,1,1,1.0
40,4,311.48,0.0,393.12,112.15,1,1,1.0
40,7,479.24,82.68,205.0,94.01999999999998,1,1,1.0
41,5,98.2,46.11,118.99999999999999,55.19,1,1,1.0
41,3,96.5,0.0,223.0,62.32,1,1,1.0
41,4,311.48,0.0,393.12,112.15,1,1,1.0
41,7,441.21,81.49,205.01000000000005,91.61,1,1,1.0
42,5,86.32,40.17,119.0,55.19,1,1,1.0
42,3,96.5,0.0,223.0,62.32,1,1,1.0
42,4,311.48,0.0,393.12,112.15,1,1,1.0
42,7,419.82,83.9,205.01000000000005,78.50999999999999,1,1,1.0
43,5,78.0,41.36,111.80000000000001,55.19,1,1,1.0
43,3,96.5,0.0,223.0,62.32,1,1,1.0
43,4,311.48,0.0,393.12,112.15,1,1,1.0
43,7,397.25,70.83,181.25,78.51,1,1,1.0
44,5,69.68,38.98,107.01999999999998,55.190000000000005,1,1,1.0
44,3,96.5,0.0,223.0,62.32,1,1,1.0
44,4,311.48,0.0,393.12,112.15,1,1,1.0
44,7,375.86,63.7,181.25,80.89999999999999,1,1,1.0
45,5,53.05,35.42,107.02,55.19,1,1,1.0
45,3,96.5,0.0,223.0,62.32,1,1,1.0
45,4,311.48,0.0,393.12,112.15,1,1,1.0
45,7,344.97,61.33,181.25,80.89,1,1,1.0
46,5,41.17,35.42,107.01,55.19,1,1,1.0
46,3,96.5,0.0,223.0,62.32,1,1,1.0
46,4,311.48,0.0,393.12,112.15,1,1,1.0
46,7,317.64,60.14,181.25,80.89999999999999,1,1,1.0
47,5,31.66,29.48,107.02000000000001,55.19,1,1,1.0
47,3,96.5,0.0,223.0,62.32,1,1,1.0
47,4,311.48,0.0,393.12,112.15,1,1,1.0
47,7,304.56,56.57,158.64,80.9,1,1,1.0
48,5,19.78,29.48,107.01,55.19,1,1,1.0
48,3,96.5,0.0,223.0,62.32,1,1,1.0
48,4,311.48,0.0,393.12,112.15,1,1,1.0
48,7,285.55,54.2,151.55,74.99999999999999,1,1,1.0
49,5,19.78,29.48,96.32,55.19,1,1,1.0
49,3,96.5,0.0,223.0,62.32,1,1,1.0
49,4,311.48,0.0,393.12,112.15,1,1,1.0
49,7,264.17,47.07,143.22999999999996,75.0,1,1,1.0
50,5,5.52,23.54,96.32000000000001,55.18,1,1,1.0
50,3,96.5,0.0,223.0,62.32,1,1,1.0
50,4,311.48,0.0,393.12,112.15,1,1,1.0
50,7,249.91,47.07,143.23,75.0,1,1,1.0
51,5,0.0,23.54,95.9,55.18,1,1,1.0
51,3,96.5,0.0,223.0,62.32,1,1,1.0
51,4,311.48,0.0,393.12,112.15,1,1,1.0
51,7,226.14,42.31,143.24,75.00999999999999,1,1,1.0
52,5,0.0,21.16,79.27,55.19,1,1,1.0
52,3,96.5,0.0,223.0,62.32,1,1,1.0
52,4,311.48,0.0,393.12,112.15,1,1,1.0
52,7,208.32,41.12,143.28000000000003,75.00999999999999,1,1,1.0
53,5,0.0,21.16,69.5,47.040000000000006,1,1,1.0
53,3,96.5,0.0,223.0,62.32,1,1,1.0
53,4,311.48,0.0,393.12,112.15,1,1,1.0
53,7,192.39,39.45,130.71000000000004,63.849999999999994,1,1,1.0
54,5,0.0,21.16,60.65,47.040000000000006,1,1,1.0
54,3,96.5,0.0,223.0,62.32,1,1,1.0
54,4,311.48,0.0,393.12,112.15,1,1,1.0
54,7,183.33,40.74,119.06999999999996,63.85,1,1,1.0
55,5,0.0,21.16,51.8,47.040000000000006,1,1,1.0
55,3,96.5,0.0,223.0,62.32,1,1,1.0
55,4,311.48,0.0,393.12,112.15,1,1,1.0
55,7,164.32,36.2,119.07,61.599999999999994,1,1,1.0
56,5,0.0,21.16,44.6,47.040000000000006,1,1,1.0
56,3,96.5,0.0,223.0,62.32,1,1,1.0
56,4,311.48,0.0,393.12,112.15,1,1,1.0
56,7,150.29,35.75,119.07000000000002,61.599999999999994,1,1,1.0
57,5,0.0,21.16,33.7,47.040000000000006,1,1,1.0
57,3,96.5,0.0,223.0,62.32,1,1,1.0
57,4,311.48,0.0,393.12,112.15,1,1,1.0
57,7,137.16,36.2,116.34,58.0,1,1,1.0
58,5,0.0,21.16,26.0,47.040000000000006,1,1,1.0
58,3,96.5,0.0,223.0,62.32,1,1,1.0
58,4,311.48,0.0,393.12,112.15,1,1,1.0
58,7,124.94,33.03,116.34,58.0,1,1,1.0
59,5,0.0,21.16,15.1,47.040000000000006,1,1,1.0
59,3,96.5,0.0,223.0,62.32,1,1,1.0
59,4,311.48,0.0,393.12,112.15,1,1,1.0
59,7,110.46,33.03,116.34000000000002,58.0,1,1,1.0
60,5,0.0,23.88,9.2,31.63,1,1,1.0
60,3,96.5,0.0,223.0,62.32,1,1,1.0
60,4,311.48,0.0,393.12,112.15,1,1,1.0
60,7,98.69,30.77,106.83000000000001,58.0,1,1,1.0
